0
29124
58242
87235
116202
145208
174355
203451
232422
261496
290390
319468
348279
377290
406070
435029
463848
492703
521718
550593
579512
608512
637515
666620
695711
724700
753562
782481
811588
840572
869527
898631
927590
956647
985610
1014797
1043774
1072921
1101901
1130883
1159613
1188705
1217772
1246760
1275819
1305050
1334102
1363222
1392225
1421329
1450457
1479384
1508410
1537377
1566192
1595191
1624098
1652922
1682111
1710889
1739952
1746929
1753945
1760771
1767723
1774599
1781647
1788518
1795365
1802252
1809244
1816342
1823298
1830315
1837282
1844094
1850892
1857837
1864706
1871483
1878489
1885338
1892267
1899188
1906069
1912904
1919881
1926774
1933609
1940509
1947467
1954391
1961281
1968205
1974992
1981862
1988649
1995508
2002347
2009224
2016270
2023190
2030136
2037096
2043956
2050781
2057660
2064555
2071588
2078277
2085243
2092088
2098781
2105668
2112493
2119387
2126327
2133287
2140113
2147073
2153949
2160735
2167529
2174548
2181476
2188318
2195087
2202051
2209079
2216118
2223068
2229975
2236866
2243817
2250704
2257719
2264559
2271592
2278589
2285438
2292350
2299302
2306108
2312893
2319883
2326855
2333923
2340789
2347687
2354580
2361414
2368465
2375196
2381876
2388862
2395839
2402719
2409535
2416380
2423210
2430158
2437072
2443887
2450810
2457747
2464640
2471291
2478219
2485212
2492138
2499026
2506004
2512829
2519756
2526553
2533516
2540500
2547341
2554300
2561161
2568034
2575054
2582099
2588987
2595772
2602734
2609794
2616574
2623488
2630430
2637281
2644154
2651314
2658407
2665271
2672203
2679095
2686019
2693045
2700000
2706741
2713535
2720538
2727437
2734368
2741234
2748270
2755063
2761910
2768814
2775657
2782507
2789348
2796288
2802961
2809819
2816802
2823611
2830356
2837421
2844252
2851308
2858162
2865024
2871955
2878837
2885610
2892535
2899552
2906509
2913331
2920303
2927170
2934148
2941112
2948003
2954959
2961926
2968696
2975659
2982568
2989519
2996348
3003188
3010047
3016922
3023787
3030799
3037699
3044575
3051587
3058377
3065275
3072133
3079169
3086044
3092972
3099895
3106737
3113701
3120666
3127586
3134581
3141513
3148452
3155285
3162111
3169015
3176028
3182869
3189719
3196674
3203407
3210303
3217311
3224015
3230925
3237914
3244959
3252001
3258846
3265747
3272591
3279471
3286233
3293193
3300146
3307067
3314058
3320929
3327693
3334647
3341680
3348518
3355464
3362276
3369245
3376093
3382830
3389783
3396724
3403625
3410403
3417276
3424258
3431077
3437962
3444832
3451707
3458658
3465613
3472468
3479395
3486314
3493299
3500160
3507053
3514016
3520886
3527775
3534635
3541508
3548399
3555333
3562196
3569179
3576110
3583151
3589990
3596966
3603752
3610646
3617524
3624517
3631353
3638318
3645355
3652242
3659054
3665991
3672843
3679850
3686837
3693632
3700643
3707566
3714537
3721428
3728403
3735288
3742168
3749145
3756149
3763084
3769981
3776855
3783800
3790765
3797718
3804449
3811263
3818254
3825133
3832041
3838894
